OGLE-LMC-T2CEP-001 17.734 18.452   1.8139522 0.0000063  2162.79006  0.348  0.067 4.852  0.194 2.252
OGLE-LMC-T2CEP-002 15.711 16.632  18.3235458 0.0007387  2158.39503  0.900  0.126 6.139  0.039 4.172
OGLE-LMC-T2CEP-003 14.166 14.953  35.6599298 0.0083419  2142.86567  0.422  0.162 5.869  0.067 5.320
OGLE-LMC-T2CEP-004 17.612 18.124   1.9160177 0.0000023  2170.18129  0.816  0.482 4.664  0.285 2.273
OGLE-LMC-T2CEP-005 14.739 15.796  33.1853268 0.0029184  2170.33970  0.861  0.076 6.277  0.012 2.917
OGLE-LMC-T2CEP-006 18.037 18.513   1.0879243 0.0000024  2171.55516  0.479  0.240 4.608  0.108 2.902
OGLE-LMC-T2CEP-007 18.005 18.597   1.2426421 0.0000033  2166.63717  0.493  0.265 4.379  0.060 4.110
OGLE-LMC-T2CEP-008 17.842 18.585   1.7460989 0.0000067  2165.20369  0.536  0.207 5.438  0.138 2.724
OGLE-LMC-T2CEP-009 17.762 18.379   1.7613471 0.0000027  2166.42198  0.730  0.444 4.582  0.245 1.898
OGLE-LMC-T2CEP-010 17.979 18.633   1.5029635 0.0000036  2165.07607  0.620  0.328 4.396  0.062 0.569
OGLE-LMC-T2CEP-011 14.089 14.789  39.2566209 0.0172293  2151.25193  0.181  0.161 5.456  0.035 2.755
OGLE-LMC-T2CEP-012 16.193 17.184  11.5808121 0.0005217  2160.74057  0.293  0.128 1.867  0.043 2.268
OGLE-LMC-T2CEP-013 16.184 17.119  11.5446113 0.0005438  2157.45185  0.256  0.114 1.987  0.038 3.313
OGLE-LMC-T2CEP-014 14.312 15.103  61.8757127 0.0550170  2161.68872  0.161  0.043 0.349  0.075 5.230
OGLE-LMC-T2CEP-015 14.061 15.243  56.5214762 0.0484952  2146.45963  0.484  0.066 5.730  0.036 1.160
OGLE-LMC-T2CEP-016 15.458 15.891  20.2956426 0.0024385  2155.31689  0.173  0.661 5.439  0.072 6.055
OGLE-LMC-T2CEP-017 15.986 16.968  14.4547544 0.0002466  2157.70744  0.855  0.110 0.827  0.095 2.758
OGLE-LMC-T2CEP-018 17.964 18.609   1.3795871 0.0000037  2166.70059  0.626  0.315 4.401  0.055 5.926
OGLE-LMC-T2CEP-019 15.989 16.853   8.6748634 0.0000768  2162.74938  0.607  0.270 5.451  0.081 4.306
OGLE-LMC-T2CEP-020 18.036 18.469   1.1081258 0.0000021  2166.10854  0.686  0.386 4.607  0.103 2.816
OGLE-LMC-T2CEP-021 15.884 16.580   9.7595024 0.0003610  2161.10277  0.285  0.155 4.589  0.023 3.227
OGLE-LMC-T2CEP-022 16.271 17.179  10.7167800 0.0003055  2157.78714  0.380  0.123 1.297  0.064 2.367
OGLE-LMC-T2CEP-023 15.511 16.101   5.2348007 0.0000436  2163.87839  0.527  0.317 5.220  0.145 3.706
OGLE-LMC-T2CEP-024 18.096 18.718   1.2466746 0.0000032  2166.41439  0.525  0.242 4.571  0.046 4.718
OGLE-LMC-T2CEP-025 14.042 15.102  67.9654409 0.0616215  2147.81667  0.492  0.189 5.806  0.062 6.071
OGLE-LMC-T2CEP-026 16.091 17.026  13.5778689 0.0041969  2156.87252  0.312  0.077 2.340  0.108 1.869
OGLE-LMC-T2CEP-027 15.722 16.692  17.1335443 0.0005548  2155.15109  0.803  0.038 5.898  0.044 3.171
OGLE-LMC-T2CEP-028 15.543 16.045   8.7848073 0.0002400  2168.94800  0.240  0.152 4.894  0.079 4.852
OGLE-LMC-T2CEP-029 14.642 15.446  31.2454401 0.0070390   696.81548  0.378  0.225 5.840  0.039 5.564
OGLE-LMC-T2CEP-030 16.948 17.755   3.9353685 0.0000373  2166.20673  0.417  0.290 5.665  0.108 5.046
OGLE-LMC-T2CEP-031 16.664 17.561   6.7059083 0.0001745  2162.05297  0.141  0.114 6.236  0.000   -  
OGLE-LMC-T2CEP-032 14.011 14.992  44.5611948 0.0144559  2152.87623  0.347  0.145 5.784  0.027 2.303
OGLE-LMC-T2CEP-033 15.788 16.468   9.3945760 0.0001730   722.00042  0.201  0.085 4.248  0.070 3.274
OGLE-LMC-T2CEP-034 16.228 17.317  14.9109518 0.0005025   721.66857  0.702  0.101 0.978  0.068 2.668
OGLE-LMC-T2CEP-035 16.259 17.162   9.8659435 0.0001606   722.91187  0.224  0.142 1.343  0.034 1.997
OGLE-LMC-T2CEP-036 15.845 16.745  14.8805361 0.0003521   716.00046  0.704  0.081 1.317  0.057 2.633
OGLE-LMC-T2CEP-037 16.655 17.530   6.8974693 0.0003473  2166.20885  0.071  0.088 0.364  0.004   -  
OGLE-LMC-T2CEP-038 16.181 16.476   4.0136137 0.0000058   724.25471  0.452  0.490 5.428  0.258 4.430
OGLE-LMC-T2CEP-039 16.322 17.192   8.7158373 0.0002416  2166.31977  0.158  0.132 0.786  0.062 2.111
OGLE-LMC-T2CEP-040 15.833 16.588   9.6261854 0.0004541  2165.62507  0.284  0.034 4.657  0.022 1.620
OGLE-LMC-T2CEP-041 16.963 17.355   2.4761194 0.0000055   463.98503  0.248  0.257 5.231  0.089 3.894
OGLE-LMC-T2CEP-042 16.371 16.858   4.9227037 0.0001389   462.57053  0.205  0.238 4.521  0.077 4.339
OGLE-LMC-T2CEP-043 16.851 17.774   6.5594270 0.0001015   462.41832  0.081  0.069 0.212  0.000   -  
OGLE-LMC-T2CEP-044 16.099 17.108  13.2701004 0.0004103   464.57726  0.363  0.086 2.186  0.041 2.364
OGLE-LMC-T2CEP-045 13.729 14.787  63.3863391 0.2348420  2148.64483  0.115  0.164 3.447  0.356 2.920
OGLE-LMC-T2CEP-046 15.547 16.415  14.7437956 0.0017651  2162.69705  0.476  0.254 5.896  0.041 5.926
OGLE-LMC-T2CEP-047 16.616 17.536   7.2862123 0.0001009   723.50042  0.116  0.133 0.450  0.000   -  
OGLE-LMC-T2CEP-048 17.824 18.392   1.4454298 0.0000026  2166.29658  0.687  0.403 4.306  0.172 0.900
OGLE-LMC-T2CEP-049 17.130 17.703   3.2352751 0.0000132   723.91243  0.361  0.245 5.346  0.096 4.416
OGLE-LMC-T2CEP-050 14.964 15.661  34.7483438 0.0044555   713.64755  0.177  0.312 5.721  0.055 5.274
OGLE-LMC-T2CEP-051 14.569 15.440  40.6063997 0.0097614   720.05675  0.186  0.087 1.895  0.034 2.888
OGLE-LMC-T2CEP-052 16.395 16.861   4.6879253 0.0000710  2164.81082  0.160  0.130 5.155  0.003   -  
OGLE-LMC-T2CEP-053 18.044 18.620   1.0430007 0.0000009  2167.14877  0.756  0.460 4.890  0.208 3.357
OGLE-LMC-T2CEP-054 16.337 17.295   9.9251446 0.0002936  2162.58574  0.237  0.124 1.426  0.067 1.686
OGLE-LMC-T2CEP-055 14.262 15.078  41.0053024 0.0097859  2129.25136  0.428  0.240 5.676  0.065 4.877
OGLE-LMC-T2CEP-056 16.677 17.654   7.2896382 0.0000983   452.87968  0.124  0.122 0.369  0.001   -  
OGLE-LMC-T2CEP-057 15.749 16.707  16.6320415 0.0002462  2159.16741  0.836  0.054 0.062  0.059 3.158
OGLE-LMC-T2CEP-058 15.511 16.594  21.4829509 0.0010661  2167.45398  0.874  0.188 6.088  0.051 4.913
OGLE-LMC-T2CEP-059 15.643 16.606  16.7360908 0.0002773  2151.64345  0.868  0.068 0.005  0.056 3.307
OGLE-LMC-T2CEP-060 18.096 18.685   1.2365975 0.0000027  2166.68942  0.597  0.284 4.471  0.068 4.344
OGLE-LMC-T2CEP-061 18.018 18.588   1.1815124 0.0000012   457.30501  0.406  0.187 4.548  0.060 3.583
OGLE-LMC-T2CEP-062 17.338 18.490   6.0466764 0.0001148   453.31305  0.093  0.081 6.009  0.000   -  
OGLE-LMC-T2CEP-063 16.662 17.553   6.9245800 0.0002028  2165.50032  0.122  0.131 6.223  0.026 4.502
OGLE-LMC-T2CEP-064 17.514 18.151   2.1278906 0.0000027  2167.00843  0.609  0.237 5.248  0.119 3.511
OGLE-LMC-T2CEP-065 14.699 15.611  35.0549398 0.0079629   455.17514  0.138  0.100 3.965  0.043 1.162
OGLE-LMC-T2CEP-066 16.111 17.091  13.1092508 0.0004056  2158.38145  0.479  0.126 1.997  0.086 2.595
OGLE-LMC-T2CEP-067 13.825 14.627  48.2317051 0.0093285   442.94273  0.358  0.085 4.675  0.111 1.085
OGLE-LMC-T2CEP-068 17.671 18.264   1.6093007 0.0000017   456.51294  0.395  0.234 4.884  0.125 1.307
OGLE-LMC-T2CEP-069 18.372 18.919   1.0212542 0.0000026   457.21815  0.303  0.241 5.643  0.053 4.453
OGLE-LMC-T2CEP-070 15.644 16.490  15.4377950 0.0001525  2155.81995  0.867  0.207 6.187  0.094 3.847
OGLE-LMC-T2CEP-071 17.872 18.382   1.1521638 0.0000008   457.43379  0.589  0.322 4.584  0.109 2.492
OGLE-LMC-T2CEP-072 15.873 16.836  14.5137944 0.0013313  2166.62283  0.398  0.008 3.114  0.042 3.064
OGLE-LMC-T2CEP-073 17.195 17.919   3.0879049 0.0000063  2165.50004  0.625  0.274 5.427  0.131 4.569
OGLE-LMC-T2CEP-074 16.070 16.892   8.9883439 0.0005833  2123.38975  0.118  0.079 2.219  0.028 1.349
OGLE-LMC-T2CEP-075 14.568 15.728  50.1865686 0.0107800   430.99079  0.555  0.136 6.163  0.062 1.076
OGLE-LMC-T2CEP-076 17.808 18.572   2.1042928 0.0000048  2122.89872  0.662  0.318 5.194  0.171 3.368
OGLE-LMC-T2CEP-077 17.762 18.039   1.2138023 0.0000020   456.99603  0.231  0.277 4.976  0.066 4.159
OGLE-LMC-T2CEP-078 16.308 17.206   6.7162943 0.0000785   455.31768  0.193  0.245 5.030  0.031 3.721
OGLE-LMC-T2CEP-079 16.287 17.449  14.8453655 0.0005091  2122.19369  0.819  0.097 1.219  0.070 2.317
OGLE-LMC-T2CEP-080 14.341 15.175  40.9164131 0.0053740   436.42111  0.498  0.132 5.592  0.018 3.919
OGLE-LMC-T2CEP-081 16.274 17.204   9.4796569 0.0002687  2158.70252  0.205  0.134 1.165  0.017 1.678
OGLE-LMC-T2CEP-082 14.982 16.065  35.1243472 0.0053173  2145.17547  0.725  0.090 5.534  0.024 3.543
OGLE-LMC-T2CEP-083 16.531 17.320   5.9676496 0.0000424  2119.65683  0.519  0.162 5.481  0.034 3.804
OGLE-LMC-T2CEP-084 17.512 17.841   1.7708404 0.0000025   456.08800  0.396  0.324 5.271  0.145 3.914
OGLE-LMC-T2CEP-085 17.142 17.888   3.4050955 0.0000107  2160.55457  0.550  0.283 5.616  0.143 4.818
OGLE-LMC-T2CEP-086 15.629 16.486  15.8455000 0.0000829   452.84478  0.871  0.119 0.103  0.059 3.593
OGLE-LMC-T2CEP-087 16.887 17.770   5.1849790 0.0000223   454.04523  0.301  0.218 5.918  0.055 5.809
OGLE-LMC-T2CEP-088 17.212 17.353   1.9507490 0.0000213  2161.24295  0.088  0.285 5.547  0.183 3.512
OGLE-LMC-T2CEP-089 18.032 18.492   1.1672977 0.0000011   455.65166  0.476  0.211 4.551  0.089 3.227
OGLE-LMC-T2CEP-090 17.842 18.490   1.4789288 0.0000045  2123.74331  0.391  0.163 5.274  0.139 0.811
OGLE-LMC-T2CEP-091 14.203 14.899  35.7493456 0.0025816   425.38622  0.546  0.185 5.915  0.057 5.362
OGLE-LMC-T2CEP-092 17.401 18.143   2.6167684 0.0000065  2122.71933  0.555  0.227 5.468  0.119 4.331
OGLE-LMC-T2CEP-093 15.130 15.861  17.5930492 0.0008945   446.06633  0.463  0.171 5.098  0.046 2.459
OGLE-LMC-T2CEP-094 16.588 17.529   8.4684897 0.0003270  2120.73841  0.157  0.144 0.755  0.045 0.779
OGLE-LMC-T2CEP-095 17.009 17.873   5.0001218 0.0002297  2121.24028  0.053  0.000   -    0.000   -  
OGLE-LMC-T2CEP-096 15.918 16.832  13.9257224 0.0001357  2129.22374  0.889  0.237 0.136  0.068 3.229
OGLE-LMC-T2CEP-097 16.177 17.064  10.5101666 0.0001392   446.10816  0.233  0.138 1.550  0.043 1.982
OGLE-LMC-T2CEP-098 14.374 14.671   4.9737372 0.0000124   829.46470  0.104  0.166 4.950  0.125 3.009
OGLE-LMC-T2CEP-099 15.932 16.999  15.4867877 0.0004773  2111.72112  0.611  0.087 1.979  0.086 2.521
OGLE-LMC-T2CEP-100 16.642 17.407   7.4310950 0.0001601   825.70218  0.410  0.148 5.522  0.088 5.322
OGLE-LMC-T2CEP-101 16.035 16.838  11.4185596 0.0001447   444.88281  0.606  0.437 4.697  0.071 3.065
OGLE-LMC-T2CEP-102 17.758 18.231   1.2660176 0.0000008   455.07285  0.620  0.285 4.531  0.122 2.922
OGLE-LMC-T2CEP-103 16.039 16.995  12.9082775 0.0003099   824.38616  0.435  0.122 1.621  0.078 2.433
OGLE-LMC-T2CEP-104 14.937 15.830  24.8799480 0.0005200   447.75745  0.594  0.380 5.678  0.193 4.293
OGLE-LMC-T2CEP-105 17.645 18.206   1.4892979 0.0000016   830.77386  0.678  0.411 4.233  0.132 0.700
OGLE-LMC-T2CEP-106 16.612 17.493   6.7067363 0.0000508   455.58483  0.151  0.123 0.117  0.034 6.228
OGLE-LMC-T2CEP-107 17.684 18.482   1.2091451 0.0000011   455.57377  0.304  0.269 4.347  0.083 3.890
OGLE-LMC-T2CEP-108 14.746 15.477  30.0108429 0.0133386  2113.81336  0.048  0.112 4.302  0.100 2.010
OGLE-LMC-T2CEP-109 19.559 21.212   1.4145528 0.0000056   454.69580  0.347  0.265 4.871  0.091 5.956
OGLE-LMC-T2CEP-110 16.763 17.705   7.0784684 0.0001122  2151.91051  0.154  0.148 0.001  0.050 0.664
OGLE-LMC-T2CEP-111 16.542 17.440   7.4956838 0.0000871   829.55773  0.147  0.149 0.249  0.035 1.036
OGLE-LMC-T2CEP-112 14.065 14.749  39.3977037 0.0061777   421.63429  0.216  0.285 0.135  0.023 4.894
OGLE-LMC-T2CEP-113 17.137 17.811   3.0854602 0.0000577   455.01003  0.118  0.071 3.768  0.133 4.105
OGLE-LMC-T2CEP-114 18.068 19.020   1.0910886 0.0000045  2167.44939  0.250  0.311 4.304  0.190 2.585
OGLE-LMC-T2CEP-115 15.593 16.651  24.9669126 0.0020446  2145.84889  0.841  0.123 6.003  0.048 5.937
OGLE-LMC-T2CEP-116 17.825 18.658   1.9666793 0.0000024   445.61278  0.383  0.133 5.339  0.119 2.815
OGLE-LMC-T2CEP-117 16.640 17.539   6.6293487 0.0001921  2165.52937  0.109  0.119 6.036  0.057 1.642
OGLE-LMC-T2CEP-118 16.103 17.037  12.6985804 0.0002612  2163.34477  0.774  0.126 0.435  0.100 3.090
OGLE-LMC-T2CEP-119 14.391 15.225  33.8250938 0.0067504  2158.59349  0.675  0.193 5.863  0.091 4.996
OGLE-LMC-T2CEP-120 17.002 17.880   4.5590530 0.0000301  2165.73588  0.371  0.253 5.740  0.090 5.232
OGLE-LMC-T2CEP-121 17.713 18.430   2.0613655 0.0000043  2166.37479  0.434  0.160 5.548  0.087 3.127
OGLE-LMC-T2CEP-122 18.241 19.028   1.5386690 0.0000049  2167.45087  0.413  0.160 5.058  0.194 1.679
OGLE-LMC-T2CEP-123 18.233 18.723   1.0026263 0.0000007   454.80233  0.619  0.328 4.766  0.129 2.814
OGLE-LMC-T2CEP-124 17.889 18.614   1.7348666 0.0000040  2167.63818  0.424  0.206 5.121  0.183 2.108
OGLE-LMC-T2CEP-125 14.934 15.924  33.0335975 0.0043649  2154.20705  0.712  0.213 6.148  0.134 5.548
OGLE-LMC-T2CEP-126 16.210 17.436  16.3267785 0.0005225  2167.50661  0.825  0.051 0.591  0.067 3.079
OGLE-LMC-T2CEP-127 16.120 17.092  12.6691185 0.0006757   454.17111  0.255  0.097 3.427  0.039 3.951
OGLE-LMC-T2CEP-128 15.517 16.460  18.4926938 0.0001881   453.20828  0.753  0.038 4.568  0.058 2.756
OGLE-LMC-T2CEP-129 14.096 14.813  62.5089466 0.0237959   397.72780  0.140  0.088 5.580  0.115 0.458
OGLE-LMC-T2CEP-130 17.527 18.124   1.9446935 0.0000020  2167.58469  0.722  0.397 4.953  0.237 2.737
OGLE-LMC-T2CEP-131 18.190 18.940   1.4134748 0.0000058  2166.86725  0.461  0.210 4.751  0.071 0.019
OGLE-LMC-T2CEP-132 15.818 16.548  10.0178287 0.0001435   448.21817  0.152  0.084 4.516  0.013 1.689
OGLE-LMC-T2CEP-133 16.671 17.497   6.2819551 0.0001567  2162.68787  0.093  0.102 6.162  0.032 4.705
OGLE-LMC-T2CEP-134 16.268 16.851   4.0757258 0.0000095   454.54080  0.540  0.380 5.142  0.198 4.053
OGLE-LMC-T2CEP-135 15.194 16.162  26.5223638 0.0016671  2144.30037  0.904  0.067 0.222  0.040 1.914
OGLE-LMC-T2CEP-136 17.823 18.095   1.3230384 0.0000009   454.37319  0.586  0.244 4.312  0.102 4.913
OGLE-LMC-T2CEP-137 16.728 17.633   6.3623499 0.0000518   453.96088  0.114  0.121 6.206  0.045 5.892
OGLE-LMC-T2CEP-138 18.059 18.827   1.3935906 0.0000043  2167.52491  0.452  0.225 4.756  0.072 6.161
OGLE-LMC-T2CEP-139 15.968 17.003  14.7804104 0.0004173  2156.19900  0.496  0.093 2.033  0.085 2.734
OGLE-LMC-T2CEP-140 17.760 18.508   1.8411435 0.0000057  2166.65700  0.294  0.080 4.115  0.188 2.386
OGLE-LMC-T2CEP-141 17.975 18.757   1.8229539 0.0000049  2166.56437  0.442  0.155 5.668  0.103 2.651
OGLE-LMC-T2CEP-142 17.580 18.458   1.7607534 0.0000085  2167.01120  0.242  0.092 4.715  0.202 2.434
OGLE-LMC-T2CEP-143 15.806 16.701  14.5701846 0.0003460  2166.57316  0.871  0.154 0.329  0.065 2.810
OGLE-LMC-T2CEP-144 17.750 18.545   1.9374502 0.0000036  2166.59387  0.474  0.158 5.467  0.105 3.042
OGLE-LMC-T2CEP-145 16.726 17.209   3.3373019 0.0000256  2167.28023  0.170  0.249 4.899  0.046 3.440
OGLE-LMC-T2CEP-146 16.392 17.347  10.0795925 0.0003627  2161.81703  0.221  0.146 1.248  0.020 2.203
OGLE-LMC-T2CEP-147 13.678 14.391  46.7958419 0.0328040  2135.14758  0.262  0.029 0.358  0.086 0.021
OGLE-LMC-T2CEP-148 17.442 18.194   2.6717338 0.0000023   453.91138  0.557  0.229 5.519  0.117 4.395
OGLE-LMC-T2CEP-149 14.151 14.868  42.4806129 0.0045115  2149.99673  0.129  0.109 2.532  0.124 1.342
OGLE-LMC-T2CEP-150 16.154 16.698   5.4930160 0.0003582  2167.00544  0.114  0.031 5.661  0.013   -  
OGLE-LMC-T2CEP-151 16.479 17.384   7.8872458 0.0001014   455.11756  0.152  0.150 0.450  0.044 1.369
OGLE-LMC-T2CEP-152 16.453 17.323   9.3149211 0.0000937   453.02663  0.484  0.149 6.082  0.052 0.744
OGLE-LMC-T2CEP-153 16.550 16.653   1.1751641 0.0000037  2167.73106  0.122  0.314 5.166  0.141 3.529
OGLE-LMC-T2CEP-154 15.288 15.784   7.5778891 0.0001608  2166.60155  0.142  0.159 5.593  0.041 4.695
OGLE-LMC-T2CEP-155 16.835 17.702   6.8977377 0.0001856  2164.31419  0.132  0.126 0.219  0.056 1.352
OGLE-LMC-T2CEP-156 15.941 17.002  15.3865517 0.0004830  2166.17409  0.871  0.118 0.501  0.066 2.956
OGLE-LMC-T2CEP-157 16.045 17.050  14.3346466 0.0003473  2181.19312  0.791  0.137 1.044  0.109 2.153
OGLE-LMC-T2CEP-158 16.687 17.594   7.1391626 0.0002013  2182.42386  0.123  0.160 0.083  0.000   -  
OGLE-LMC-T2CEP-159 16.805 17.769   6.6255696 0.0003411  2182.53772  0.070  0.100 6.157  0.000   -  
OGLE-LMC-T2CEP-160 17.743 18.453   1.7566714 0.0000034  2186.81135  0.551  0.316 4.844  0.209 2.150
OGLE-LMC-T2CEP-161 16.042 17.017   8.5323817 0.0002919  2180.25303  0.098  0.134 0.950  0.004   -  
OGLE-LMC-T2CEP-162 15.112 16.200  30.3941483 0.0023465   706.20990  0.790  0.160 5.924  0.049 5.695
OGLE-LMC-T2CEP-163 17.705 18.306   1.6936066 0.0000039  2187.22106  0.405  0.144 5.205  0.177 2.317
OGLE-LMC-T2CEP-164 15.996 16.933   8.4953214 0.0001010   726.26744  0.216  0.200 5.978  0.079 5.906
OGLE-LMC-T2CEP-165 18.761 19.723   1.2408330 0.0000050  2187.68339  0.633  0.259 4.421  0.114 4.104
OGLE-LMC-T2CEP-166 16.927 17.696   2.1105987 0.0000061  2186.16694  0.267  0.130 5.177  0.118 2.957
OGLE-LMC-T2CEP-167 17.781 18.597   2.3118238 0.0000096  2187.14839  0.549  0.207 5.420  0.071 3.792
OGLE-LMC-T2CEP-168 15.807 16.766  15.6983850 0.0003450  2174.42738  0.773  0.064 1.567  0.077 2.557
OGLE-LMC-T2CEP-169 14.699 15.651  30.9555642 0.0036413  2173.38838  0.766  0.206 6.004  0.096 5.475
OGLE-LMC-T2CEP-170 16.703    -     7.6829062 0.0004639  2181.19087  0.156  0.113 0.407  0.069 1.781
OGLE-LMC-T2CEP-171 17.824 18.512   1.5547492 0.0000031   726.82805  0.273  0.035 2.635  0.175 1.667
OGLE-LMC-T2CEP-172 16.373 17.444  11.2207604 0.0001750   719.99639  0.275  0.116 1.569  0.058 2.207
OGLE-LMC-T2CEP-173 18.416 20.149   4.1478811 0.0000272   724.81727  0.554  0.389 5.458  0.162 4.333
OGLE-LMC-T2CEP-174 13.693 14.457  46.8189562 0.0243971  2166.79927  0.275  0.080 6.156  0.042 0.234
OGLE-LMC-T2CEP-175 16.388 17.317   9.3256014 0.0002792  2186.79912  0.155  0.142 1.128  0.029 1.451
OGLE-LMC-T2CEP-176 16.438 17.332   7.9896001 0.0002311  2187.22582  0.153  0.136 0.642  0.034 0.714
OGLE-LMC-T2CEP-177 16.132 17.240  15.0359027 0.0005109  2178.31837  0.772  0.082 1.092  0.095 2.593
OGLE-LMC-T2CEP-178 16.326 17.406  12.2123667 0.0005205   726.43160  0.293  0.073 1.820  0.078 1.690
OGLE-LMC-T2CEP-179 16.744 17.805   8.0500650 0.0002845  2185.44813  0.158  0.140 0.442  0.000   -  
OGLE-LMC-T2CEP-180 14.502 15.303  30.9963145 0.0061489  2178.20791  0.461  0.235 5.797  0.089 4.533
OGLE-LMC-T2CEP-181 16.193 16.972   7.2125323 0.0001509   724.38026  0.139  0.046 4.345  0.039 4.965
OGLE-LMC-T2CEP-182 16.312 17.265   8.2264194 0.0002145  2188.39082  0.486  0.159 5.777  0.050 5.055
OGLE-LMC-T2CEP-183 17.293 18.600   6.5096275 0.0002305  2183.46556  0.120  0.143 6.160  0.005   -  
OGLE-LMC-T2CEP-184 16.379 17.670  14.8404415 0.0004515  2175.10831  0.613  0.082 2.273  0.086 2.772
OGLE-LMC-T2CEP-185 14.534 15.682  12.6884408 0.0004653  2179.36928  0.141  0.175 2.579  0.144 1.887
OGLE-LMC-T2CEP-186 15.880 16.931  16.3615724 0.0006184  2176.28960  0.803  0.031 1.362  0.066 3.130
OGLE-LMC-T2CEP-187 17.683 18.538   2.4044862 0.0000060  2185.87911  0.707  0.362 5.096  0.207 3.515
OGLE-LMC-T2CEP-188 18.007 18.531   1.0493152 0.0000018  2186.97118  0.592  0.343 4.645  0.091 2.551
OGLE-LMC-T2CEP-189 18.037 18.680   1.3076475 0.0000033  2186.96771  0.596  0.277 4.554  0.053 4.741
OGLE-LMC-T2CEP-190 14.307 15.147  38.3618714 0.0311398  2159.73671  0.292  0.167 1.229  0.054 5.595
OGLE-LMC-T2CEP-191 14.220 15.017  34.3446694 0.0205833  2185.75958  0.318  0.148 3.775  0.132 2.895
OGLE-LMC-T2CEP-192 15.233 16.148  26.1940011 0.0025181  2181.44982  0.790  0.141 6.117  0.054 5.599
OGLE-LMC-T2CEP-193 16.582 17.503   7.0049389 0.0002419  2189.68722  0.151  0.145 0.283  0.004   -  
OGLE-LMC-T2CEP-194 17.874 18.447   1.3144675 0.0000026  2194.11008  0.636  0.298 4.296  0.067 4.528
OGLE-LMC-T2CEP-195 17.342 18.050   2.7529292 0.0000082  2186.99000  0.620  0.255 5.282  0.128 4.083
OGLE-LMC-T2CEP-196 15.619 16.564  14.9580419 0.0003177  2186.16140  0.900  0.117 0.530  0.067 2.734
OGLE-LMC-T2CEP-197 17.879 18.435   1.2241268 0.0000028  2193.98521  0.561  0.292 4.924  0.174 3.528
OGLE-LMC-T2CEP-198 15.271 16.474  38.2740984 0.0081449  2136.63143  0.699  0.113 6.162  0.034 0.322
OGLE-LMC-T2CEP-199 13.658 13.806  37.2035159 0.0067406   716.22207  0.125  0.067 2.897  0.120 5.335
OGLE-LMC-T2CEP-200 15.092 16.124  34.9165547 0.0053034   423.70670  0.334  0.148 5.805  0.063 2.383
OGLE-LMC-T2CEP-201 14.611 15.152  11.0072431 0.0002193   456.11301  0.088  0.074 5.085  0.031 3.114
OGLE-LMC-T2CEP-202 15.167 16.359  38.1355674 0.0039994   812.55923  0.534  0.032 1.926  0.048 2.701
OGLE-LMC-T2CEP-203 15.395 16.723  37.1267463 0.0024122   448.74961  0.263  0.308 0.862  0.103 0.542
