OGLE-LMC-ACEP-001  18.018 18.676   0.8502326 0.0000008  2171.18383  0.652  0.454 4.406  0.340 2.576
OGLE-LMC-ACEP-002  17.621 18.268   0.9766401 0.0000009  2165.04388  0.511  0.380 4.317  0.309 2.191
OGLE-LMC-ACEP-004  17.018 17.719   1.8618275 0.0000030  2183.83212  0.637  0.466 4.858  0.232 3.309
OGLE-LMC-ACEP-005  17.858 18.526   0.9321588 0.0000030  2166.51421  0.243  0.274 4.165  0.107 1.907
OGLE-LMC-ACEP-007  17.688 18.247   0.8963988 0.0000006  2166.18452  0.703  0.388 4.248  0.271 1.889
OGLE-LMC-ACEP-010  18.068 18.723   0.8342013 0.0000008  2166.34125  0.705  0.481 4.331  0.381 2.403
OGLE-LMC-ACEP-011  17.671 18.254   0.9985904 0.0000027  1999.61820  0.561  0.492 4.465  0.363 2.914
OGLE-LMC-ACEP-012  17.969 18.663   0.8289912 0.0000008  2166.64983  0.445  0.350 4.284  0.254 1.824
OGLE-LMC-ACEP-014  16.639 17.241   2.2913456 0.0000041  2164.63844  0.580  0.427 4.971  0.195 3.316
OGLE-LMC-ACEP-016  16.926 17.448   1.5456697 0.0000013  2166.45020  0.763  0.516 4.673  0.326 2.961
OGLE-LMC-ACEP-017  17.585 18.190   0.9299953 0.0000009  2166.07849  0.550  0.374 4.291  0.280 2.034
OGLE-LMC-ACEP-018  17.562 18.213   1.0185719 0.0000010  2166.29501  0.476  0.385 4.288  0.311 2.226
OGLE-LMC-ACEP-019  17.414 17.891   0.9094057 0.0000003   725.90631  0.839  0.428 4.245  0.298 2.013
OGLE-LMC-ACEP-021  17.188 17.827   1.2958429 0.0000004   725.62518  0.750  0.490 4.421  0.371 2.640
OGLE-LMC-ACEP-022  17.796 18.378   0.6409626 0.0000008  2166.64472  0.484  0.419 4.200  0.330 2.317
OGLE-LMC-ACEP-024  17.679 17.986   0.7944643 0.0000011   726.76849  0.471  0.393 4.278  0.250 1.997
OGLE-LMC-ACEP-026  16.816 17.483   1.7387452 0.0000008   457.22581  0.607  0.501 4.697  0.302 3.115
OGLE-LMC-ACEP-027  16.956 17.558   1.2670644 0.0000008  2167.02011  0.973  0.522 4.377  0.354 2.486
OGLE-LMC-ACEP-029  18.120 18.745   0.8017029 0.0000009  2167.18618  0.441  0.373 4.290  0.276 2.116
OGLE-LMC-ACEP-032  17.167 17.780   1.3160220 0.0000007   456.81167  0.425  0.420 4.501  0.266 2.860
OGLE-LMC-ACEP-033  16.616 17.308   2.3470013 0.0000118  2156.48971  0.186  0.209 5.008  0.000   -  
OGLE-LMC-ACEP-034  17.874 18.474   0.7342975 0.0000018  2123.77557  0.312  0.238 3.735  0.245 1.377
OGLE-LMC-ACEP-036  17.160 17.787   1.2579824 0.0000010   455.67396  0.281  0.360 4.460  0.166 2.763
OGLE-LMC-ACEP-037  17.132 17.743   1.2577403 0.0000010  2156.52070  0.794  0.494 4.409  0.374 2.560
OGLE-LMC-ACEP-038  17.294 17.908   1.3352133 0.0000017  2161.39986  0.518  0.464 4.497  0.308 2.825
OGLE-LMC-ACEP-039  17.660 18.245   0.9924071 0.0000004   455.25698  0.621  0.453 4.402  0.356 2.600
OGLE-LMC-ACEP-040  17.433 18.037   0.9605775 0.0000004   831.32386  0.513  0.389 4.318  0.326 2.289
OGLE-LMC-ACEP-041  17.625 18.200   0.8781418 0.0000003   831.14818  0.548  0.371 4.273  0.289 1.935
OGLE-LMC-ACEP-042  17.897 18.715   1.0790357 0.0000010  2167.36992  0.671  0.439 4.526  0.336 2.545
OGLE-LMC-ACEP-044  17.052 17.609   1.3085090 0.0000003   455.10639  0.913  0.527 4.481  0.350 2.680
OGLE-LMC-ACEP-045  18.325 18.976   0.6784311 0.0000007  2167.43289  0.453  0.353 4.275  0.234 2.012
OGLE-LMC-ACEP-046  17.264 17.851   1.2637169 0.0000004   454.39955  0.592  0.484 4.557  0.312 2.876
OGLE-LMC-ACEP-047  16.881 17.482   2.1779846 0.0000035  2166.33026  0.493  0.378 5.138  0.109 4.681
OGLE-LMC-ACEP-048  16.718 17.324   1.5458930 0.0000003   454.48193  0.751  0.542 4.549  0.343 2.807
OGLE-LMC-ACEP-049  18.011 18.451   0.6447960 0.0000007  2167.32917  0.451  0.462 4.215  0.369 2.214
OGLE-LMC-ACEP-051  18.200 18.845   0.7086059 0.0000010  2167.26970  0.318  0.302 4.401  0.257 2.151
OGLE-LMC-ACEP-052  17.008 17.577   1.2625549 0.0000008  2167.07150  0.823  0.475 4.347  0.372 2.431
OGLE-LMC-ACEP-053  16.738 17.299   1.8880987 0.0000019  2166.63019  0.721  0.485 4.798  0.255 3.266
OGLE-LMC-ACEP-054  17.901 18.798   0.9802225 0.0000006  2167.47834  0.739  0.416 4.146  0.284 1.871
OGLE-LMC-ACEP-055  17.011 17.603   1.6066649 0.0000017  2189.72410  0.850  0.516 4.654  0.332 2.863
OGLE-LMC-ACEP-056  17.284 17.877   1.1240035 0.0000008  2167.63676  0.727  0.446 4.406  0.335 2.389
OGLE-LMC-ACEP-057  16.813 17.455   1.7100082 0.0000013  2167.36219  0.686  0.512 4.674  0.327 3.017
OGLE-LMC-ACEP-059  18.724 20.004   0.8348234 0.0000009  2167.05797  0.717  0.369 4.121  0.298 1.781
OGLE-LMC-ACEP-060  16.963 17.527   1.2757288 0.0000003   726.43416  0.942  0.526 4.427  0.351 2.594
OGLE-LMC-ACEP-061  17.745 18.393   0.8480731 0.0000007  2167.44700  0.632  0.362 4.208  0.266 1.898
OGLE-LMC-ACEP-062  17.162 17.659   1.0590929 0.0000005  2187.23196  0.769  0.449 4.183  0.277 2.025
OGLE-LMC-ACEP-063  18.013 18.756   0.8930306 0.0000012  2187.44348  0.534  0.398 4.333  0.270 2.011
OGLE-LMC-ACEP-064  17.011 17.619   1.3574685 0.0000009  2186.54497  0.837  0.525 4.359  0.363 2.570
OGLE-LMC-ACEP-065  17.041 17.508   1.3215432 0.0000003   725.78028  0.888  0.548 4.614  0.324 2.782
OGLE-LMC-ACEP-066  17.585 18.233   1.0400730 0.0000011  2187.05793  0.570  0.406 4.317  0.331 2.278
OGLE-LMC-ACEP-067  17.786 18.451   0.8209206 0.0000006  2168.84504  0.629  0.340 4.156  0.293 1.786
OGLE-LMC-ACEP-068  18.265 18.809   0.6256447 0.0000004  2194.18981  0.746  0.482 4.226  0.384 2.445
OGLE-LMC-ACEP-069  16.823 17.460   1.5384361 0.0000013  2187.17159  0.674  0.513 4.613  0.327 2.815
OGLE-LMC-ACEP-072  17.038 17.535   1.0482162 0.0000005  2176.90937  0.901  0.445 4.287  0.327 2.156
OGLE-LMC-ACEP-073  16.781 17.396   1.4650553 0.0000013  2186.60279  0.799  0.547 4.443  0.356 2.664
OGLE-LMC-ACEP-074  16.889 17.551   1.5332247 0.0000037  2186.78969  0.322  0.393 4.574  0.177 3.026
OGLE-LMC-ACEP-075  17.876 18.490   0.6920857 0.0000011  2177.49965  0.328  0.288 4.160  0.250 1.774
OGLE-LMC-ACEP-076  17.032 17.671   1.5818249 0.0000018  2186.29793  0.563  0.480 4.653  0.294 3.057
OGLE-LMC-ACEP-077  17.459 18.099   1.1224977 0.0000027  2187.66068  0.312  0.346 4.360  0.204 2.529
OGLE-LMC-ACEP-079  17.149 17.634   1.1551702 0.0000006  2176.92756  0.932  0.497 4.397  0.367 2.450
OGLE-LMC-ACEP-080  17.336 17.997   1.0574863 0.0000023  2176.84786  0.307  0.302 4.319  0.181 2.363
OGLE-LMC-ACEP-081  17.917 18.504   0.8008377 0.0000011  2194.39949  0.503  0.357 4.278  0.269 2.071
